4294967294,81
4294967294,1144
4294967294,1143
4294967294,1142
4294967294,1141
4294967294,1140
4294967294,1139
4294967294,1138
4294967294,1137
4294967294,1136
4294967294,1135
4294967294,1134
4294967294,1133
4294967294,1132
4294967294,1131
4294967294,1130
4294967294,1129
4294967294,1128
4294967294,1127
4294967294,1126
4294967294,1125
4294967294,1124
4294967294,1123
4294967294,1122
4294967294,1121
4294967294,1120
4294967294,1119
4294967294,1118
4294967294,1117
4294967294,1116
4294967294,603
4294967294,602
4294967294,589
4294967294,588
4294967294,587
4294967294,586
4294967294,585
4294967294,584
4294967294,582
4294967294,581
4294967294,580
4294967294,579
4294967294,578
4294967294,577
4294967294,590
4294967279,547
4294967279,546
4294967279,545
4294967279,544
4294967279,543
4294967279,542
4294967279,541
4294967279,540
4294967279,539
4294967279,538
4294967279,537
4294967279,536
4294967279,535
4294967279,534
4294967279,533
4294967279,532
4294967279,531
4294967279,530
4294967279,529
4294967279,528
4294967279,527
4294967294,1055
4294967294,1056
4294967294,50
4294967294,1081
4294967294,1080
4294967294,1078
4294967294,1074
4294967294,1066
4294967294,35
4294967294,34
4294967294,33
4294967294,32
4294967294,31
4294967294,30
4294967294,9
4294967294,7
4294967294,6
4294967294,3
4294967279,511
4294967279,510
4294967279,509
4294967279,508
4294967279,507
4294967279,506
4294967279,505
4294967279,504
4294967279,503
4294967279,502
4294967279,501
4294967279,500
4294967279,499
4294967279,498
4294967279,497
4294967279,496
4294967279,495
4294967279,494
4294967279,493
4294967279,492
4294967279,491
4294967279,490
4294967279,489
4294967279,488
4294967279,487
4294967279,486
4294967279,485
4294967279,484
4294967279,483
4294967279,482
4294967279,481
4294967279,480
4294967279,479
4294967279,478
4294967279,477
4294967279,476
4294967279,475
4294967279,474
4294967279,473
4294967279,472
4294967279,471
4294967279,470
4294967279,469
4294967279,468
4294967279,467
4294967279,466
4294967279,465
4294967279,464
4294967279,463
4294967279,462
4294967294,457
4294967294,451
4294967294,472
4294967294,471
4294967294,1516
4294967294,1515
4294967294,1514
4294967294,1513
4294967294,1512
4294967294,1511
4294967294,1510
4294967294,1509
4294967294,1508
4294967294,1507
4294967294,1506
4294967294,1505
4294967294,1504
4294967294,1503
4294967294,1502
4294967294,1501
4294967294,1500
4294967294,1499
4294967294,1498
4294967294,1497
4294967294,1496
4294967294,1495
4294967294,1494
4294967294,1493
4294967294,1492
4294967294,1491
4294967294,1490
4294967294,1489
4294967294,1488
4294967294,438
4294967294,444
4294967294,424
4294967294,423
4294967294,427
4294967294,1420
4294967294,1419
4294967294,1418
4294967294,1417
4294967294,1416
4294967294,1415
4294967294,1414
4294967294,1413
4294967294,1412
4294967294,1407
4294967294,1406
4294967294,1405
4294967294,1404
4294967294,1403
4294967294,1402
4294967294,1401
4294967294,1400
4294967294,1399
4294967294,1398
4294967294,1397
4294967294,1396
4294967294,1395
4294967294,1394
4294967294,1393
4294967294,1392
4294967294,1391
4294967294,1390
4294967294,273
4294967294,319
4294967294,318
4294967294,317
4294967294,316
4294967294,315
4294967294,314
4294967294,313
4294967294,312
4294967294,311
4294967294,310
4294967294,309
4294967294,308
4294967294,307
4294967294,306
4294967294,305
4294967294,304
4294967294,303
4294967294,302
4294967294,301
4294967294,300
4294967294,299
4294967294,298
4294967294,297
4294967294,296
4294967294,295
4294967294,294
4294967294,293
4294967294,292
4294967294,291
4294967294,290
4294967294,289
4294967294,288
4294967294,287
4294967294,286
4294967294,285
4294967294,1260
4294967294,1266
4294967294,1252
4294967294,1253
4294967294,1250
4294967294,1251
4294967294,1279
4294967294,1278
4294967294,1277
4294967294,1276
4294967294,1275
4294967294,1274
4294967294,1273
4294967294,1272
4294967294,1271
4294967294,1270
4294967294,1269
4294967294,255
4294967294,254
4294967294,253
4294967294,252
4294967294,251
4294967294,250
4294967294,249
4294967294,248
4294967294,247
4294967294,246
4294967294,245
4294967294,244
4294967294,243
4294967294,242
4294967294,241
4294967294,240
4294967294,239
4294967294,238
4294967294,237
4294967294,236
4294967294,235
4294967294,234
4294967294,233
4294967294,232
4294967294,231
4294967294,230
4294967294,229
4294967294,228
4294967294,227
4294967294,226
4294967294,225
4294967294,224
4294967294,223
4294967294,222
4294967294,221
4294967294,220
4294967294,219
4294967294,1155
4294967294,1154
4294967294,1153
4294967294,703
4294967294,702
4294967294,701
4294967294,700
4294967294,699
4294967294,698
4294967294,697
4294967294,696
4294967294,695
4294967294,694
4294967294,693
4294967294,692
4294967294,691
4294967294,690
4294967294,689
4294967294,688
4294967294,687
4294967294,686
4294967294,685
4294967294,684
4294967294,683
4294967294,682
4294967294,681
4294967294,680
4294967294,679
4294967294,678
4294967294,677
4294967294,676
4294967294,675
4294967294,159
4294967294,158
4294967294,157
4294967294,156
4294967294,155
4294967294,154
4294967294,153
4294967294,152
4294967294,151
4294967294,150
4294967294,149
4294967294,148
4294967294,147
4294967294,146
4294967294,145
4294967294,144
4294967294,143
4294967294,142
4294967294,141
4294967294,140
4294967294,139
4294967294,138
4294967294,137
4294967294,136
4294967294,135
4294967294,134
4294967294,133
